175 400 369
56 83 379
16 644 309
769 409 450
471 99 -164
225 188 212
351 676 407
730 686 107
190 40 -164
91 445 215
182 597 388
445 906 -353
649 172 -333
555 469 423
343 368 360
299 181 -151
935 736 32
23 409 370
487 702 245
630 67 -231
776 635 38
171 102 -114
465 905 21
97 692 -424
625 767 197
845 109 -487
642 679 254
723 663 -36
262 758 -409
140 392 333
846 567 -458
17 227 14
793 166 -218
848 332 218
737 433 -240
612 799 -374
339 465 437
597 600 -186
88 464 301
507 138 317
778 273 492
825 454 394
113 762 -378
585 5 -115
354 572 -223
888 847 430
424 610 346
728 809 -116
447 771 -437
836 771 -121
709 61 235
271 203 -34
625 841 -72
946 345 407
803 972 70
274 887 -362
417 890 -238
515 333 150
441 128 491
593 365 19
556 112 374
471 424 -426
999 572 -150
979 933 -360
437 861 -210
488 765 20
745 687 -9
282 289 -253
913 389 -257
117 793 -299
680 32 447
58 842 -115
797 859 6
805 291 6
754 150 435
30 531 202
970 551 54
702 380 168
391 495 -467
651 294 179
597 413 -283
86 377 -389
422 641 257
961 373 -318
984 168 121
289 631 -270
39 663 54
613 690 -339
421 464 -59
139 622 -281
202 341 206
508 97 174
685 177 216
816 537 -320
696 911 410
485 324 337
340 206 -192
377 525 -159
521 774 474
781 759 143
711 422 443
905 985 426
654 980 83
544 430 -47
392 708 -481
479 957 91
257 810 170
629 52 169
834 836 -413
686 654 -305
113 822 -295
362 326 -363
17 804 -58
4 729 -298
867 138 -433
202 871 -468
348 632 143
495 950 295
429 482 -427
588 189 349
102 674 -476
150 487 -275
221 542 -89
437 764 -99
113 65 -106
653 866 209
458 832 -248
295 769 -351
604 769 -451
650 939 -408
529 415 -215
115 690 181
742 275 137
663 102 317
299 413 -293
749 749 -213
348 509 242
264 244 -383
293 300 -493
238 271 -145
840 156 -392
576 356 145
761 592 -98
783 110 -254
747 96 -483
398 52 216
963 600 -402
507 361 -436
5 409 202
444 632 86
599 902 -213
133 759 223
330 480 135
946 698 369
777 769 294
659 797 -127
400 512 168
584 723 338
173 856 -342
563 548 313
438 125 325
715 433 -46
912 753 -92
373 162 429
343 893 408
985 714 245
271 169 -162
688 864 -229
623 262 -20
847 200 480
215 143 374
328 652 70
374 95 333
66 654 431
869 539 -348
600 537 -118
3 59 251
508 898 -391
79 428 420
540 340 403
35 674 -277
905 715 -370
2 898 -423
809 152 -238
83 690 -233
970 350 473
830 416 -317
768 533 265
522 485 477
792 60 18
488 470 -294
903 388 344
994 628 -489
180 150 463
263 749 -229
186 86 -272
800 844 -479
815 27 164
825 595 19
539 286 -129
515 47 -392
653 666 271
358 904 499
613 797 357
610 933 -272
134 52 -456
269 442 43
589 709 -226
874 235 -377
615 76 -200
566 141 -254
900 136 103
6 693 -119
533 577 -463
393 647 381
408 641 262
47 887 -60
859 259 -139
789 762 278
666 67 -11
87 882 478
350 237 -485
188 434 -273
93 538 -49
65 12 -149
694 26 -113
693 481 -361
732 975 -115
731 160 259
215 891 -200
281 536 52
404 744 -287
31 719 -404
536 968 -489
739 809 90
651 135 228
750 182 -92
411 230 -210
162 738 -44
528 714 -427
318 946 -126
662 648 -130
225 916 -72
109 676 -5
278 960 -2
568 537 421
426 131 -336
881 178 -396
16 433 309
527 33 -481
814 976 223
34 632 461
655 989 42
217 486 -365
656 941 345
603 389 388
849 22 154
104 789 153
459 919 -50
265 637 -252
7 800 319
139 561 -270
561 42 64
852 717 -495
818 448 16
698 996 344
590 201 -309
547 165 3
16 209 -497
650 508 247
348 445 -243
816 321 -289
241 358 379
937 704 -173
72 511 263
157 184 372
3 668 375
371 555 -485
53 536 -86
342 466 -373
957 302 -405
621 840 -179
744 576 -466
400 524 66
346 327 26
169 215 -500
805 757 207
834 86 105
420 946 -172
531 423 351
800 383 -446
819 247 -170
755 886 -387
890 933 306
646 432 135
75 830 -123
862 712 237
235 660 -318
662 240 -210
181 517 435
890 616 57
721 614 308
154 778 71
84 514 45
185 416 -421
161 890 375
338 808 381
117 22 -196
54 633 -162
957 463 -173
291 550 340
597 122 -317
710 247 349
758 568 377
636 900 -365
300 638 -5
536 39 -35
638 472 308
682 317 219
577 988 -403
256 384 112
830 168 263
709 311 -63
272 581 217
897 464 268
357 311 -344
123 531 -327
728 227 -489
626 768 227
49 362 61
315 47 -252
49 583 -220
411 161 -132
850 916 213
813 921 -381
125 492 -218
336 911 -254
789 576 377
704 807 92
141 844 58
397 134 -413
390 36 -91
292 363 12
383 745 84
291 564 -276
824 665 185
530 244 55
118 471 336
858 503 -388
177 177 36
168 858 308
626 904 17
15 784 311
825 824 370
322 265 229
512 944 -336
144 47 -372
619 639 292
174 130 342
629 195 -258
910 719 89
246 61 -288
966 253 331
886 892 -436
339 533 -91
381 422 -326
84 867 303
891 672 250
749 877 -249
781 689 163
833 626 146
389 674 -290
953 380 -195
926 156 -376
503 369 -44
900 384 191
587 861 -296
678 299 -290
376 951 -432
245 46 -14
270 717 -298
689 194 203
207 54 -38
627 322 -364
456 833 96
612 448 -456
526 925 -36
509 544 496
928 538 254
804 37 429
47 525 62
56 311 27
226 447 -312
969 204 -204
175 683 -52
277 803 285
762 347 375
545 317 -446
864 39 -107
30 685 -102
423 192 66
370 948 -317
70 507 97
868 833 -231
203 508 197
638 879 149
741 768 -13
204 838 19
664 57 104
445 503 39
649 253 -17
154 524 -192
453 682 -115
430 260 411
574 616 390
461 481 310
514 68 -28
24 350 -112
657 321 88
773 884 -293
777 307 154
696 497 436
359 748 -455
682 62 173
654 142 23
795 801 -367
21 743 416
351 278 174
256 149 439
158 887 423
344 133 340
349 612 -475
0 281 -307
986 27 -110
975 273 -256
363 544 -254
417 580 -157
485 131 204
885 190 -288
118 52 -295
458 618 -196
991 491 494
731 270 357
397 896 170
648 22 326
313 517 34
414 456 358
168 605 -448
535 569 -493
628 403 -100
37 143 -352
130 301 -440
403 112 319
432 883 -79
254 336 -473
643 921 108
754 310 159
339 115 7
497 731 189
10 802 -32
189 945 -40
924 133 231
85 582 -309
658 748 -181
991 880 -467
336 693 -408
859 173 223
739 24 -343
357 357 342
780 785 -179
648 541 -3
555 490 200
311 318 -410
611 808 321
759 939 312
534 219 -55
581 57 -125
601 751 65
934 527 -109
948 296 225
966 192 -132
496 736 234
663 894 403
714 498 -408
382 179 -346
267 771 -196
243 24 -232
467 39 -120
422 997 -473
953 434 -138
811 295 -99
774 769 -95
185 137 -224
900 624 -293
943 552 -284
83 70 -412
316 269 21
321 202 -403
946 38 77
866 161 23
805 990 -26
489 817 344
341 692 -271
660 295 -120
976 246 3
945 487 161
780 619 186
973 917 204
542 267 -404
375 384 -264
175 748 -195
233 439 -223
199 409 55
901 731 -453
986 967 219
438 476 -463
10 890 -186
577 842 -148
975 357 285
377 553 -110
730 795 88
190 302 -163
921 433 287
405 99 196
892 51 -57
797 406 123
141 718 -490
521 842 225
71 39 491
655 602 -432
677 820 28
232 370 331
107 329 5
630 380 -108
109 556 -412
271 596 473
845 265 -42
298 118 118
595 486 418
361 709 291
306 363 0
441 18 -409
776 8 173
78 605 -152
498 699 -331
922 334 351
972 641 135
61 371 -362
607 558 -328
859 182 75
89 845 -116
295 47 193
391 146 170
408 823 -34
702 803 258
741 616 -218
286 711 198
143 865 62
503 485 -111
28 703 9
224 328 39
481 429 170
244 592 435
335 204 -427
326 684 376
411 728 435
696 12 -491
620 432 -172
718 89 -36
245 551 224
219 140 -377
500 683 55
209 450 -184
353 123 21
210 233 321
4 808 127
303 87 142
839 207 -378
501 780 295
585 78 -132
286 190 -220
192 288 95
130 202 -369
531 856 429
291 497 468
402 357 -257
8 644 368
703 903 -351
528 71 493
355 328 190
383 999 229
283 582 341
615 350 -102
216 779 459
750 544 -6
749 742 246
854 760 -214
854 598 -285
141 140 -314
637 132 376
500 204 -168
98 889 -98
349 998 59
892 760 -457
74 792 -476
622 349 427
12 553 -325
459 584 -43
926 213 202
669 112 31
438 904 -445
392 165 245
181 956 441
81 297 -455
937 180 -84
398 228 359
191 607 207
233 288 -407
144 85 -424
987 680 212
104 9 -469
735 227 177
266 907 162
736 782 -260
564 330 364
778 4 419
52 455 417
596 201 44
570 421 -160
641 295 21
853 828 -129
176 399 205
573 411 272
906 795 42
128 132 -147
658 924 -157
287 885 -21
577 447 290
856 368 -159
51 846 267
88 189 -289
699 760 -357
327 350 107
875 729 448
685 718 103
612 215 -95
719 265 -451
295 628 -370
724 85 -22
471 488 100
165 605 482
601 732 -73
527 335 -303
942 937 -224
475 594 344
457 128 -154
191 107 332
521 249 -270
917 290 449
538 93 -294
148 763 -331
268 65 -279
71 397 70
22 226 -476
891 286 -12
987 423 458
221 428 -155
229 759 243
719 617 93
433 113 -368
707 812 -11
316 26 -129
147 511 368
953 422 218
463 109 -144
970 234 -35
215 269 -496
995 532 -337
515 915 -264
856 272 474
233 779 -26
883 694 -457
40 804 94
329 211 219
566 783 -178
213 708 -181
392 410 455
215 659 -117
97 763 -470
373 912 0
866 299 312
87 65 165
747 809 -457
885 30 -274
636 742 -452
887 749 356
116 21 -411
632 716 -337
972 200 211
279 215 72
802 803 -77
526 683 -443
599 991 -155
253 3 476
872 683 -69
656 164 212
590 526 40
693 207 485
745 561 57
789 535 154
431 858 103
407 519 -220
397 153 -86
45 56 132
952 171 292
570 796 247
11 18 -277
214 659 378
1 518 199
170 96 -268
984 992 -480
693 650 228
635 921 335
997 293 399
855 440 254
534 485 261
683 888 -103
411 623 149
18 48 283
94 642 -207
404 111 303
862 7 -143
688 725 -491
545 365 179
236 280 -141
23 874 135
672 752 -8
839 769 473
902 831 76
371 9 -33
973 10 93
211 455 -277
400 556 -399
670 18 251
610 910 191
198 824 1
838 776 132
734 304 211
448 399 -336
192 390 -92
119 507 73
249 143 -376
965 500 -76
345 680 415
871 644 22
635 90 351
449 305 275
303 598 95
717 970 429
930 184 -296
772 414 37
439 425 447
61 641 113
275 749 -369
857 53 106
296 775 -312
313 24 270
947 414 -278
129 615 -256
734 581 81
36 74 -211
110 600 107
154 423 -7
60 702 -438
496 443 -26
59 561 -217
598 371 -43
389 500 215
545 349 310
307 382 -24
716 448 124
516 301 338
162 475 -173
702 415 -89
561 69 270
697 240 417
742 149 -18
376 64 -67
527 441 294
702 712 306
73 20 481
939 218 172
961 176 -276
394 849 -309
633 231 -191
662 122 161
46 924 -349
477 705 358
663 838 342
806 152 300
701 712 -21
309 968 -493
387 495 -359
324 539 -198
567 306 288
24 787 407
319 454 -83
919 459 -447
35 633 -37
866 846 -2
906 434 -70
554 975 445
678 379 -433
673 272 -19
841 21 470
543 584 66
931 28 -153
854 292 90
329 931 301
677 422 98
114 51 214
597 45 -482
153 342 -53
632 490 -175
811 703 -489
496 186 443
94 600 -104
711 637 487
245 865 367
368 819 467
182 74 363
779 295 285
482 491 -216
573 322 152
793 148 -262
278 218 -246
982 857 -280
144 630 -230
837 798 -8
521 168 -72
464 333 97
382 412 -195
969 230 -32
50 162 -206
224 569 370
271 288 386
5 249 -197
181 931 -88
874 16 310
191 891 145
464 838 -131
306 741 -3
794 566 388
203 220 -331
722 281 -19
127 987 -176
721 672 -297
479 732 -376
564 893 -412
886 638 -151
239 102 87
904 189 375
133 285 -355
273 36 -90
746 15 152
965 292 344
774 443 358
708 558 -362
726 437 17
578 559 11
80 882 -58
835 665 92
837 194 -223
192 776 486
229 57 -423
453 320 -137
33 322 -107
270 971 -44
797 464 184
952 24 161
832 219 -84
748 812 296
658 911 284
806 124 55
872 273 151
625 501 6
614 612 -11
936 139 -89
195 846 364
354 343 -222
148 604 -26
498 71 -240
837 553 -69
837 759 -244
76 61 292
319 15 -171
635 894 66
966 548 -357
603 212 -113
965 151 323
151 102 -411
609 310 265
219 386 -392
451 838 117
514 711 -216
288 769 47
167 587 -221
961 193 301
41 174 479
287 658 -134
498 241 159
888 574 110
956 131 -15
141 393 -355
408 469 -444
803 44 -338
210 229 -480
85 96 88
261 615 173
573 826 489
681 992 461
94 363 -320
701 815 -449
636 941 235
101 67 -70
343 186 -176
940 733 -104
414 319 285
703 974 415
254 555 465
232 869 -117
715 348 491
97 299 361
634 491 -19
180 190 -452
730 94 -36
727 227 -31
399 15 -271
174 845 -456
319 356 -45
208 748 153
521 485 371
147 660 134
180 582 478
965 561 -332
187 689 457
890 256 28
463 341 -284
162 346 495
162 782 484
158 74 -245
405 145 -229
963 957 26
181 161 -268
456 262 -315
700 395 490
889 116 -364
183 692 -427
717 594 73
214 788 171
677 256 -81
551 801 -311
828 184 316
628 174 21
964 710 -360
407 118 151
27 983 -117
888 754 408
884 863 -223
755 393 164
163 742 174
583 914 -286
750 438 -78
292 69 272
689 770 7
950 192 33
525 861 -282
437 852 228
263 369 -12
499 614 385
638 232 291
549 813 378
170 510 -15
31 944 399
537 134 157
598 895 -204
165 799 -78
402 335 246
311 940 -254
236 215 -391
766 446 -233
839 176 201
621 212 361
777 263 -108
312 812 -207
225 876 66
408 405 -217
567 616 -385
658 884 -243
605 121 -350
265 515 259
327 577 -88
957 78 -81
353 410 -103
211 26 475
41 664 145
364 353 161
780 531 -265
171 927 486
484 986 -154
903 23 131
935 600 499
576 959 -196
296 782 -39
457 715 134
212 982 364
771 995 315
529 751 -335
795 636 444
766 801 494
41 635 -292
734 561 -451
976 592 -125
32 984 -26
79 929 358
354 475 -190
747 530 -206
34 911 -24
109 153 -239
874 47 452
798 53 34
720 948 -295
95 695 -475
48 262 -4
133 470 -335
540 381 -368
87 457 484
327 864 182
779 236 76
879 711 -175
383 734 389
583 291 -106
403 18 27
643 634 468
398 758 -317
106 225 -493
314 911 -270
636 3 474
442 556 31
199 167 291
763 333 -155
823 666 194
469 528 417
334 180 88
371 304 -381
539 167 -253
163 505 125
980 999 339
718 233 -25
431 959 378
771 650 -404
441 884 -176
10 83 -325
771 203 477
932 923 -481
128 632 -166
947 189 -58
370 498 -289
970 907 -164
830 972 -185
606 672 184
455 525 -498
977 804 -93
566 919 117
267 578 -117
967 348 132
322 23 256
35 551 -170
333 364 325
687 201 -270
196 840 -338
799 609 -142
164 336 -412
223 402 -189
549 572 -14
739 694 -300
37 127 -287
190 355 -177
697 882 478
551 649 -393
721 169 168
103 371 397
890 752 456
499 240 -263
915 373 126
988 301 -474
281 798 -213
278 199 304
638 859 -315
609 266 -497
173 175 -132
583 931 91
351 191 245
339 981 15
713 199 423
697 582 -277
518 280 -149
866 976 369
355 840 298
724 806 -173
707 73 31
140 750 -53
858 257 -293
25 331 406
847 215 80
620 8 -224
256 719 -25
309 601 -65
665 340 -341
354 932 162
609 13 299
233 267 365
3 706 -227
979 27 363
451 778 262
632 633 208
44 291 -139
228 410 461
287 466 -298
179 196 -321
127 992 -298
338 484 -193
798 759 131
273 559 299
347 56 -493
61 302 267
759 64 81
745 784 312
93 515 187
845 580 29
761 994 -126
468 216 -366
692 7 448
5 738 -170
893 453 420
542 615 206
340 657 299
519 621 -207
54 545 -73
525 804 -110
773 423 -13
487 963 -156
3 930 -470
164 716 -401
492 565 -330
603 944 -357
228 209 -386
313 457 -203
683 174 -394
346 611 -455
732 613 243
477 181 -306
317 917 -255
181 857 -305
207 617 -375
636 847 343
69 804 10
75 929 -254
620 319 162
749 517 180
447 100 -444
184 592 -305
60 660 -344
915 875 -229
679 405 -32
912 774 201
403 925 193
53 228 -309
689 935 236
431 976 -466
735 322 -166
217 615 -27
714 665 479
276 32 70
856 745 19
983 652 -85
333 889 75
63 666 -427
791 685 -137
133 278 144
488 861 -349
824 736 162
810 8 -321
630 435 479
97 385 -331
609 849 208
86 334 104
368 659 135
515 402 -182
534 517 -172
742 195 10
718 798 319
949 433 28
779 741 -312
332 480 -165
834 825 -234
357 475 239
726 145 238
902 945 251
694 498 -11
321 976 147
950 338 176
579 249 137
572 218 -96
671 553 -287
339 330 391
86 577 143
67 218 386
422 639 -84
223 872 458
962 846 274
804 306 -32
948 464 307
836 528 49
583 962 -347
294 31 -376
498 501 -491
568 595 -111
77 494 462
678 267 -333
285 858 483
750 171 -222
982 6 -432
394 201 -120
183 341 84
998 123 -402
145 20 -181
880 441 -310
245 929 -67
703 356 236
308 96 -118
873 9 -380
946 60 72
210 339 166
122 456 260
427 741 411
661 311 288
682 873 -289
718 859 -122
63 888 -220
566 894 458
795 307 -359
823 420 94
391 388 230
919 64 -395
256 252 61
61 333 403
91 599 -349
841 952 -298
616 224 -446
378 769 115
733 351 474
580 916 -347
963 443 -325
837 70 -387
27 24 176
716 925 76
824 361 -244
627 241 -303
525 42 232
232 216 282
794 127 380
183 276 -259
271 369 -433
421 587 83
196 978 -383
228 533 74
976 648 -163
67 436 59
546 55 -409
417 104 -201
819 85 256
790 854 139
498 547 434
244 135 20
309 780 -493
16 708 139
346 84 -58
355 55 465
455 725 238
589 82 25
626 535 452
215 366 160
286 231 174
664 289 -71
108 868 255
673 556 -15
369 889 -481
564 715 -467
787 751 -313
394 567 -459
898 822 -448
270 55 239
881 857 437
958 923 -219
999 746 -256
353 310 -35
132 15 447
481 697 -332
530 115 303
802 158 -92
795 786 -58
557 134 -454
455 329 -96
101 375 -423
901 766 -346
891 342 267
630 145 380
296 252 60
371 183 20
984 73 -256
250 87 -239
959 355 -266
478 89 -130
603 815 -323
904 635 -379
168 192 469
282 199 -393
36 176 -109
370 678 309
192 358 -147
957 351 -271
854 350 -362
245 148 194
142 598 314
538 467 63
241 558 321
442 260 221
567 100 140
322 883 83
26 627 345
218 422 241
681 680 42
525 122 28
852 13 -407
828 93 42
956 130 -278
348 207 316
147 626 428
11 789 -484
38 216 472
682 925 -488
414 179 440
378 855 -242
383 52 189
900 349 -168
277 410 425
115 699 -176
557 113 -309
45 867 -62
340 185 -397
24 757 -55
280 854 -154
951 351 -351
208 870 189
169 260 -58
232 806 277
966 788 -197
48 477 -486
255 359 -465
334 486 -95
382 774 -390
261 165 90
126 257 -141
49 471 -147
223 408 2
189 191 -455
993 943 -385
259 678 472
495 244 244
724 731 -153
762 887 -110
195 929 -193
633 135 -14
444 477 -344
945 219 459
972 876 159
395 76 331
535 840 149
495 895 495
822 741 -431
581 56 344
947 385 -6
59 56 -11
259 788 495
464 239 255
374 334 -87
387 806 427
758 70 -314
365 869 16
35 519 -424
526 747 -154
375 578 268
239 15 -306
611 613 407
392 484 -19
618 973 61
75 131 367
863 890 309
583 168 31
897 699 129
310 14 -306
590 561 -149
782 559 21
15 918 -15
734 85 -336
818 311 257
559 629 -206
55 883 282
781 94 -370
696 952 -192
509 176 -271
628 35 33
74 864 -494
320 422 -232
633 526 391
706 934 119
738 640 -444
602 111 -21
741 842 58
765 822 359
327 510 -50
730 142 90
383 920 314
626 842 -194
366 999 430
293 668 175
808 72 -98
931 897 410
191 533 -485
276 343 -149
661 616 -143
975 225 103
536 556 -269
737 715 -319
316 798 206
345 216 -282
658 566 -412
384 408 10
98 92 313
943 482 -89
184 898 -39
104 828 43
508 596 -369
398 155 -127
332 137 -10
99 185 460
252 375 104
949 887 -248
555 705 -401
394 265 235
190 296 323
136 231 135
603 654 -491
605 272 -64
923 863 -46
6 630 37
780 950 -46
9 954 330
980 931 304
597 388 -99
380 67 423
771 166 275
27 856 -177
276 177 -23
766 207 314
645 491 -440
38 234 -411
865 358 -257
541 979 453
934 273 444
644 872 -431
397 200 -33
45 209 60
359 938 245
428 620 -382
693 70 67
858 939 -49
796 946 207
315 602 -296
299 588 297
780 723 -136
744 556 280
46 273 254
580 664 -123
946 765 414
236 454 132
745 350 -217
883 412 -109
574 459 -397
257 327 -46
942 79 105
359 164 -444
841 103 -46
332 215 -18
753 782 -345
801 827 -257
136 902 -252
890 575 -71
435 676 -374
320 848 50
911 547 -461
364 418 -242
548 25 -263
624 685 -152
347 418 400
853 684 487
326 121 416
905 179 -314
85 247 -38
866 217 440
31 697 462
444 407 -470
821 278 -360
970 904 -374
742 515 427
948 529 11
965 988 272
607 776 -13
417 951 442
307 550 399
855 414 -248
323 35 -124
310 706 -158
490 379 192
472 529 92
583 194 -260
416 315 -62
301 333 496
558 410 -464
0 120 443
115 804 13
590 230 192
759 639 15
283 971 -319
899 327 459
817 474 292
852 982 -44
234 160 56
145 74 -167
489 154 290
141 789 185
335 821 -272
807 475 -420
129 527 -62
862 321 -354
650 156 306
597 175 -270
78 202 -88
961 683 -188
646 102 -352
548 720 32
611 452 -464
342 72 441
985 717 -157
586 646 58
629 457 -350
631 912 -59
788 350 380
23 96 -280
209 209 -186
24 98 382
63 206 207
111 475 -171
82 481 210
470 839 168
865 604 -227
751 882 -467
616 686 442
934 420 441
943 390 226
949 166 -313
733 403 463
546 740 131
474 432 -65
323 240 -48
10 789 115
167 869 -358
615 89 264
52 278 362
482 564 284
473 193 112
618 376 392
713 275 -180
742 716 -80
530 985 54
578 14 348
628 138 379
249 20 488
536 269 -42
619 709 -433
158 324 -256
636 318 72
69 400 -434
191 537 -228
502 415 395
341 848 166
661 946 407
767 764 -271
203 50 456
644 329 386
211 853 301
674 328 178
387 959 -128
527 71 -419
52 492 -31
892 728 292
227 553 -133
190 848 292
79 537 -411
488 943 195
361 254 68
737 231 -145
892 775 142
729 853 30
688 950 -235
697 760 270
460 840 -128
694 726 106
644 61 203
653 734 131
169 368 -282
156 373 332
302 990 380
215 413 126
543 345 33
753 352 -324
24 761 111
207 315 -315
570 744 -278
214 749 -226
780 215 116
669 532 -453
913 233 -278
916 84 -382
994 884 -170
124 37 -492
570 655 449
835 238 95
440 300 -155
526 784 -122
951 774 253
383 582 -292
974 945 -96
715 321 73
73 437 222
60 334 -496
58 179 -14
623 887 18
716 622 -250
181 45 -261
496 705 -221
747 999 188
370 888 -82
351 759 -228
277 576 226
490 596 169
836 799 -234
139 212 -332
766 290 457
654 139 112
669 699 -469
140 93 267
820 17 401
749 774 63
280 111 160
414 236 162
194 316 311
311 222 -100
405 514 446
496 730 241
81 90 -434
321 29 151
215 92 301
507 334 395
387 365 238
655 156 482
569 401 -210
332 395 286
374 113 300
414 290 -68
498 914 209
679 627 391
402 229 363
728 181 -406
445 261 140
100 58 46
806 353 43
524 630 103
421 690 485
71 910 -50
935 721 -79
421 7 118
56 488 298
355 716 97
90 657 287
385 887 -363
634 103 37
934 750 177
996 505 380
470 745 -27
325 112 -283
939 587 458
310 323 333
560 600 336
847 138 -30
252 222 -402
750 100 213
398 863 114
92 574 408
207 460 -15
156 928 -317
646 744 260
245 901 -424
852 55 -113
929 201 59
934 154 -460
393 369 -446
404 312 -317
182 849 287
526 88 169
545 849 -121
451 932 170
859 341 -162
914 415 -138
289 546 -91
305 780 -177
630 589 -483
228 127 453
70 194 -485
806 827 -56
294 338 -356
353 694 -337
794 167 144
869 739 -463
488 960 -12
979 168 -7
903 88 -298
106 896 -192
569 212 -177
848 2 489
282 306 -12
455 496 273
196 360 343
881 913 -182
478 830 147
388 75 499
534 133 -21
997 294 244
837 537 448
669 335 43
367 384 -194
455 436 -217
770 101 -325
513 158 -273
987 152 321
302 292 -470
626 678 -394
616 524 -2
985 758 228
980 567 31
299 896 258
308 290 263
571 111 25
777 197 -302
668 383 422
396 888 -361
246 911 -311
761 990 395
446 255 440
813 234 495
235 871 66
739 406 -8
475 238 -136
251 17 421
791 401 344
892 45 -402
30 550 418
999 661 482
256 873 82
916 943 -287
634 312 -236
713 488 317
896 302 -88
720 257 -230
966 942 265
511 934 166
118 793 27
888 605 97
713 751 -19
551 499 310
666 437 -52
721 166 -396
506 392 200
50 661 -155
960 296 217
622 119 -169
266 145 439
810 819 -245
952 186 -403
770 976 148
621 247 -135
606 45 116
493 420 -209
410 410 421
398 385 -346
178 845 -466
668 531 213
905 45 -232
275 973 462
653 878 77
559 445 -127
756 951 443
800 219 264
990 443 -470
970 971 76
176 255 360
551 394 -382
959 226 -449
940 776 458
41 290 -205
894 539 -256
477 802 46
921 153 205
820 237 -262
491 627 -289
431 922 386
951 469 -235
671 291 -164
302 589 -100
733 860 -58
943 743 -200
624 624 -195
421 39 159
507 761 -426
438 307 -378
27 550 -327
12 516 165
998 581 -221
364 558 -57
824 168 -400
133 378 -218
878 557 -333
955 513 -368
181 669 490
47 469 364
134 952 -463
828 247 467
432 255 123
19 84 -99
392 771 393
493 21 -106
728 787 -120
443 266 265
476 841 22
39 689 -81
789 746 178
829 145 430
803 450 -201
919 383 -243
701 49 283
182 298 -372
503 650 -376
826 640 -223
152 318 -441
307 440 12
101 813 222
822 924 -274
591 171 -331
670 614 22
38 441 -75
382 546 150
73 23 -458
606 110 -381
923 924 389
381 917 487
918 418 398
478 484 62
879 310 -205
678 314 181
776 432 105
642 2 18
138 393 -348
938 624 161
750 505 168
327 373 -41
499 568 -272
739 623 169
891 711 76
178 625 -498
845 549 -324
56 428 57
159 234 226
779 769 335
326 375 -480
945 652 -294
101 792 241
594 553 -456
461 27 -373
213 303 121
701 280 47
417 112 -264
106 649 -428
194 47 146
755 640 -317
236 112 251
130 361 363
356 370 342
63 788 -497
894 672 16
907 823 -177
0 76 474
943 850 460
238 669 377
549 916 273
322 553 161
970 123 195
905 820 -333
138 247 -359
781 786 268
839 340 457
968 275 -194
495 219 -408
211 405 376
22 421 -485
588 553 85
284 529 -49
613 346 457
964 904 322
673 851 449
913 385 -426
604 348 -171
22 925 -223
464 889 -293
346 740 455
544 941 -61
190 333 285
345 161 160
28 485 -380
56 454 412
777 342 -67
559 122 233
233 177 -490
475 765 298
653 390 -21
237 740 -109
697 556 112
278 416 111
621 290 289
2 942 -188
625 685 380
126 801 -80
560 656 -481
944 904 190
480 155 108
119 987 436
865 154 20
571 811 63
168 921 -396
181 316 63
688 397 -316
175 174 89
346 872 -170
802 907 -277
49 891 82
714 42 -81
614 564 302
681 365 464
147 606 -50
635 96 98
10 304 176
706 466 458
52 373 304
129 674 306
353 69 -193
822 102 -468
843 891 -371
313 936 439
750 456 -456
325 997 467
999 924 -430
370 596 474
904 539 158
4 318 -243
431 571 104
162 920 -225
16 679 -304
564 20 35
633 250 407
614 990 341
338 903 464
201 945 252
431 832 -386
117 121 -368
905 560 308
504 164 451
415 465 -327
534 419 245
870 511 -253
52 941 51
378 545 220
514 358 -217
650 986 33
489 575 -448
479 219 24
956 311 482
331 971 499
193 829 -247
897 705 252
216 808 406
596 457 -142
335 720 -163
999 916 414
153 317 -451
719 937 258
154 472 107
43 117 -78
758 562 415
879 109 -421
755 994 286
566 260 59
766 219 -195
634 371 -118
730 337 -89
801 960 -192
987 196 -324
525 288 208
61 16 -27
279 135 360
381 547 140
482 54 251
377 855 26
314 592 49
8 755 441
390 699 332
101 819 -386
483 647 -242
552 306 129
710 738 202
549 484 -71
414 144 -137
11 509 447
451 559 93
300 114 69
582 655 -10
494 858 358
295 391 -210
509 495 226
973 446 -369
108 671 -64
334 390 -339
251 803 -155
271 472 -312
771 842 -463
464 300 -493
326 924 -374
391 349 297
889 201 -369
629 522 -359
105 461 -208
402 430 -98
247 635 485
227 672 -423
113 313 -426
140 610 260
684 390 32
621 698 276
199 416 268
320 697 496
124 610 200
605 468 -333
817 89 -276
443 569 118
537 790 -118
483 994 -262
869 185 -446
75 735 -48
394 955 268
726 189 -302
279 571 297
477 295 -242
435 614 202
435 930 -169
732 449 -89
884 910 494
301 882 -104
716 980 354
519 626 -93
473 920 -405
702 301 337
203 652 -296
228 908 493
912 845 387
212 642 -26
751 463 -382
451 781 110
719 512 84
421 968 18
63 8 -329
254 221 58
844 146 183
809 88 -467
69 567 407
125 998 266
248 995 -455
484 933 -393
188 82 -39
505 278 301
871 323 -482
318 23 -161
213 162 -472
407 676 433
258 56 470
44 664 -492
31 296 425
999 642 -466
215 871 469
956 884 435
614 937 -496
341 923 427
302 15 317
388 195 -96
486 535 -60
303 942 205
232 612 -377
355 977 193
879 761 -431
87 513 212
900 97 395
876 256 -399
387 45 381
626 729 -1
978 41 324
671 660 -141
799 292 69
410 49 -462
76 791 -152
314 351 -281
87 678 -319
792 914 -442
961 19 390
656 463 448
205 455 -347
574 811 -94
308 471 113
711 157 -42
226 986 226
203 200 0
829 850 397
263 71 288
326 84 173
95 551 322
351 565 488
681 249 182
974 187 110
161 17 -170
386 235 -254
150 263 -386
76 519 -12
454 255 -386
442 589 472
553 158 -284
131 617 415
260 382 188
240 862 445
702 621 -281
899 139 -98
39 340 294
623 444 139
804 294 49
186 728 267
971 251 -347
402 160 -166
728 122 -410
180 524 52
962 302 220
229 638 -98
364 492 88
381 190 -461
848 114 446
665 384 -218
679 116 -55
356 341 336
517 735 120
772 847 2
862 591 -478
723 552 421
682 231 120
0 651 380
763 109 -244
444 697 -269
951 78 -483
626 493 235
964 108 -196
782 532 -236
523 187 -199
215 362 100
822 19 315
345 220 -86
188 526 372
267 562 402
274 842 -299
287 174 302
633 91 -238
850 353 368
552 64 417
868 137 -238
493 894 -266
906 308 461
171 437 -293
646 29 43
631 248 -448
257 440 -312
588 674 -450
689 707 106
151 257 -188
467 31 468
827 718 245
45 501 66
867 855 373
527 371 -59
755 267 98
265 335 -209
18 542 281
180 504 12
700 672 272
620 221 -362
599 632 22
622 332 328
414 351 -34
290 422 -217
466 287 381
133 105 30
124 370 -484
212 585 282
186 641 -468
792 942 -462
534 803 -102
331 70 -342
823 963 -190
910 818 -178
611 826 126
199 783 -61
527 874 310
973 26 203
70 850 -170
875 960 426
974 694 -448
23 404 62
712 726 -58
276 603 453
139 800 -341
722 340 334
686 8 -61
922 17 -312
63 463 -38
743 366 -461
667 714 -432
485 582 458
328 541 -118
710 460 265
720 97 344
524 179 -280
519 23 -447
799 458 53
761 927 -467
811 224 -239
999 516 229
316 7 143
548 833 -344
579 947 210
110 838 198
255 391 -343
13 320 -143
471 196 106
168 440 255
710 886 439
133 196 401
179 954 305
1 111 418
238 606 -327
732 6 405
8 587 -331
202 84 131
471 4 -211
971 284 156
742 638 -155
231 985 -224
244 15 192
543 467 -196
169 669 330
135 682 423
862 779 -2
746 184 474
480 1 67
430 230 47
57 516 -320
211 553 -168
954 821 -103
487 974 -341
576 365 -457
392 98 -333
955 703 490
484 637 347
709 835 278
945 954 221
221 635 177
306 498 236
36 733 -235
176 15 -1
738 90 118
448 594 187
129 166 -173
416 318 466
393 107 19
720 970 253
726 317 27
260 801 -409
159 639 215
169 972 -366
754 436 451
857 227 437
561 235 342
563 695 299
759 216 177
589 221 267
999 177 -71
84 892 488
379 903 -8
272 190 462
539 726 -94
954 142 407
89 104 354
258 991 28
746 819 -365
113 274 97
721 614 174
823 54 200
163 702 464
814 8 414
46 550 -429
833 291 177
326 312 -462
572 793 -205
927 963 157
836 256 -74
839 283 -442
406 754 33
808 967 -439
591 172 -404
548 773 349
494 80 -391
98 268 276
912 889 -414
35 423 -434
813 628 407
680 507 473
344 568 -245
559 306 -151
571 17 -339
988 292 475
521 81 -258
485 293 381
56 92 136
674 510 215
804 655 186
650 783 -387
363 148 287
955 545 -65
607 316 -179
800 923 -274
915 874 -46
205 57 -189
126 457 445
129 412 373
60 75 -127
312 997 240
376 241 320
11 629 487
627 212 23
797 376 389
237 0 481
157 101 168
861 525 470
547 503 -36
790 414 -125
992 379 216
900 401 259
738 124 -186
269 32 91
50 838 -404
250 869 -492
556 242 259
382 64 192
968 960 434
106 536 -176
745 377 24
613 148 477
234 467 223
340 986 -385
290 563 330
569 501 -391
964 451 -292
953 336 411
40 175 155
776 697 -402
970 421 -42
408 367 215
950 389 -477
964 532 -312
363 351 -475
336 760 86
444 706 -159
326 98 -392
642 466 120
358 475 -90
590 22 -15
953 129 433
857 333 -433
728 647 375
413 740 152
546 637 -222
999 227 377
449 504 205
204 665 -122
54 348 -164
724 935 -144
999 290 221
318 768 469
196 507 357
474 750 402
188 470 239
54 188 304
524 200 294
438 205 -399
393 579 -192
680 631 -163
431 643 81
616 220 -235
81 623 75
183 378 -371
840 447 -193
608 587 73
908 150 400
30 389 195
986 965 224
531 555 -444
113 426 -444
394 56 453
339 427 -341
76 286 497
857 332 -414
480 66 231
520 88 440
342 475 161
465 539 -446
268 898 278
819 900 -261
976 52 -345
752 114 -72
242 715 28
994 758 -365
986 58 -387
481 375 16
793 133 135
833 375 -125
568 195 350
586 657 -216
548 121 111
666 837 464
405 1 332
742 50 102
571 788 -176
555 210 -276
787 399 -486
999 614 -317
434 591 -403
736 615 234
528 831 356
223 131 -41
880 958 -114
498 299 153
123 630 175
896 833 -195
316 783 51
999 841 -179
886 428 -484
169 540 -415
299 556 274
499 593 -372
975 837 -407
268 408 -215
197 219 -98
607 69 238
794 661 -311
605 197 -38
33 389 49
936 47 89
722 427 274
701 36 -476
741 542 491
986 114 -334
384 964 24
95 880 -360
427 868 475
206 806 151
122 779 145
457 488 -32
905 914 374
25 208 356
745 303 -230
287 132 -402
416 430 -322
223 802 252
260 149 -320
108 471 -280
360 73 405
183 799 -214
385 478 145
97 636 -44
834 679 90
463 594 40
294 516 -429
35 981 16
926 87 -149
99 664 447
330 840 -243
375 224 21
750 140 -92
585 842 407
522 302 -250
328 818 -12
115 597 -256
824 448 496
473 157 -188
580 137 -272
975 449 430
201 355 145
703 649 -218
483 516 -402
218 301 -51
997 658 200
398 827 -125
641 694 -350
817 298 395
457 824 331
241 627 -388
109 900 331
957 858 339
735 83 318
694 27 280
290 980 -215
552 427 126
391 208 -290
694 471 480
429 743 85
542 560 427
925 374 -36
899 955 -150
880 768 296
601 387 218
539 912 -195
617 916 298
645 285 448
357 190 -266
538 335 113
0 940 -274
374 869 -200
654 483 105
724 272 -343
569 855 -312
628 83 463
54 361 -300
724 322 494
415 267 -182
126 410 -317
884 41 247
82 388 198
377 239 -51
172 722 -282
442 794 -74
249 724 -246
613 857 -246
827 514 121
422 313 -114
507 266 -122
31 14 -42
715 783 -233
988 148 -329
6 319 -224
979 445 -240
711 933 -107
993 249 121
408 849 227
215 525 421
716 819 24
827 729 -491
952 184 29
701 680 166
388 612 -250
656 274 -140
574 110 215
87 711 40
796 979 -239
853 205 -134
438 547 317
61 566 108
781 895 -271
864 724 -151
128 814 470
467 322 -279
384 408 -264
824 271 31
475 43 317
46 226 -1
220 672 171
323 432 -182
882 202 56
417 387 -211
204 366 455
273 333 -355
191 300 -176
923 992 182
660 543 2
16 270 -293
574 236 -342
12 81 -393
187 750 75
111 359 444
748 155 180
416 826 -171
271 462 -365
87 783 -305
793 716 -452
347 151 -467
548 638 469
958 217 -129
67 354 -131
542 982 324
222 484 -21
454 530 -312
404 255 194
873 676 -432
489 605 -445
870 955 4
94 40 -417
306 4 278
254 677 -391
352 73 474
829 813 189
453 525 278
168 626 245
772 867 -25
486 333 102
492 122 109
559 518 48
507 275 399
502 25 -255
961 231 490
596 509 -190
462 495 173
372 319 -217
697 138 -453
709 771 439
800 321 18
499 539 351
764 808 312
795 666 -357
242 750 -301
234 218 6
939 777 -360
194 843 91
334 995 430
726 231 -310
442 797 -45
48 835 -115
22 478 -473
714 626 248
111 608 -312
216 8 265
589 571 -418
276 197 260
833 291 409
696 573 153
158 236 3
827 649 489
620 676 364
441 730 150
220 46 -203
200 537 -288
340 17 -13
366 472 -251
667 986 120
898 501 245
201 920 -321
57 683 -390
566 785 109
893 91 360
474 545 200
801 9 419
480 658 -106
956 129 401
741 600 64
552 891 111
863 312 -390
294 790 -217
814 37 -46
811 25 287
709 974 231
175 1 129
358 229 389
362 939 132
561 686 -258
391 586 -11
438 478 381
459 157 131
238 898 403
80 929 -247
117 270 372
609 380 54
659 650 -323
219 620 -16
919 173 -299
506 886 -348
644 487 -37
324 973 327
222 555 -279
472 831 219
903 725 424
183 19 279
941 84 -226
719 89 -60
977 535 -47
945 991 -155
75 571 -331
48 804 16
921 487 -60
779 882 263
653 515 -76
349 743 -439
501 549 -157
404 46 161
279 373 444
453 765 434
13 226 266
726 971 -167
477 38 -157
321 972 282
350 813 -434
339 68 247
661 832 156
871 922 -498
8 572 -81
425 257 -280
256 131 -90
143 641 431
377 854 -361
347 454 371
769 669 467
84 405 -428
547 47 291
656 267 317
117 375 290
284 436 432
868 477 -302
609 925 -446
476 657 -105
242 317 245
533 723 -228
239 758 -339
647 976 137
579 733 354
334 579 -419
98 321 -367
819 390 -91
984 806 251
368 192 34
305 249 -17
949 619 194
195 481 -280
963 443 211
790 179 210
646 137 -195
468 69 96
433 654 -189
760 497 -416
401 485 414
293 568 469
147 447 -356
590 648 -389
419 36 75
756 855 131
915 775 447
682 380 417
978 763 219
424 449 -339
194 547 210
516 35 -207
890 140 245
127 888 400
707 497 98
736 496 -226
508 93 83
847 843 -140
903 942 -84
345 905 -281
256 641 -487
187 638 -337
571 399 103
535 380 367
573 796 -253
184 323 -133
615 758 -220
383 589 2
799 435 7
215 558 -102
785 855 -183
177 219 -255
192 754 -74
324 67 0
906 131 -269
375 476 167
690 137 -463
856 883 -247
639 52 -198
635 966 492
292 288 17
580 472 -292
754 313 -175
929 104 480
132 842 -176
502 300 239
434 483 -450
647 544 372
204 999 -1
312 865 -419
809 952 -120
393 791 -51
584 798 -488
566 629 141
709 551 471
297 154 418
631 843 -203
672 780 460
674 157 40
694 75 335
791 356 -255
824 451 436
430 719 41
476 136 338
31 153 142
725 19 30
597 737 -326
412 770 -27
512 68 142
489 523 294
566 142 142
204 0 492
84 686 -178
151 489 197
717 79 208
273 669 -110
193 132 -433
600 594 -12
155 168 -63
892 648 -274
264 225 40
790 231 -434
180 960 -7
186 187 -262
897 845 -471
826 403 -146
623 473 244
855 198 -161
658 422 -143
235 3 10
339 617 479
765 629 42
936 541 -325
584 766 96
112 983 -308
465 327 -229
37 827 205
103 406 416
69 601 274
110 881 159
683 469 81
262 525 233
529 661 121
157 523 339
400 85 -249
353 124 63
851 422 205
900 177 180
939 922 243
692 64 29
757 928 -295
470 685 -388
934 762 340
914 477 407
279 823 335
131 52 87
701 310 253
710 376 130
369 572 164
713 734 -234
214 662 -345
266 88 -121
179 545 145
27 690 74
649 942 -321
750 78 261
633 662 -312
799 169 -347
890 80 243
187 621 22
233 564 356
341 74 133
645 523 75
983 435 -484
807 113 109
806 174 -311
81 844 -393
290 641 324
219 885 -470
626 829 96
409 739 220
18 31 -325
577 260 175
159 66 -225
791 529 251
507 84 -457
434 596 474
262 258 -349
907 568 203
163 220 -7
450 680 385
991 51 -393
650 851 -402
812 3 201
826 85 342
375 682 272
826 822 74
778 218 -294
166 965 54
679 406 -370
758 144 -166
55 696 23
834 201 -233
601 364 493
781 495 212
500 820 245
593 587 -424
774 426 -68
224 948 -292
651 480 2
22 748 -387
659 505 269
747 585 161
554 375 -67
471 11 -156
581 332 -306
668 71 -426
442 170 424
806 839 -462
305 430 -98
66 236 36
399 400 395
818 214 234
280 36 275
576 972 79
506 124 425
975 189 166
866 247 291
163 527 -57
933 580 136
642 146 -9
850 77 -447
369 482 -1
909 840 444
447 824 378
81 216 425
811 657 -357
398 272 453
134 827 404
463 583 -34
947 845 286
547 185 434
523 796 -320
670 68 220
809 74 -134
549 697 -259
438 149 -154
369 326 121
883 700 -443
245 264 -424
387 384 143
453 104 -263
140 546 -64
836 634 447
411 941 -90
325 178 -351
623 171 -295
866 468 311
690 474 202
252 934 -21
604 639 499
910 275 183
970 887 -431
365 358 -229
707 416 -19
605 131 86
17 714 319
207 773 464
934 129 121
997 174 -132
287 927 -120
351 780 -41
164 679 22
139 12 -428
283 548 -22
957 830 283
555 599 201
450 691 193
998 299 495
235 254 -455
318 816 199
798 999 72
768 264 -303
522 335 -365
728 970 -314
698 436 494
842 517 255
110 28 -118
448 286 -467
535 457 395
101 363 360
445 586 464
430 359 25
445 743 -289
209 220 38
827 723 -322
780 264 2
813 59 -245
16 958 277
489 700 35
152 575 -3
583 632 145
964 105 164
463 985 -491
273 450 116
545 785 72
534 260 11
814 88 453
354 864 -141
977 470 314
817 900 437
202 620 421
875 587 181
101 949 -472
142 782 400
327 324 196
70 596 439
639 340 -264
250 719 284
699 739 325
497 86 -166
502 388 61
469 480 -495
52 417 67
327 663 -137
10 912 -329
701 527 -483
147 10 -439
852 203 -34
95 518 411
51 76 196
208 805 -319
944 203 152
718 309 334
452 928 -408
135 536 258
236 925 -321
399 41 -259
499 460 74
162 50 -161
980 885 371
587 547 -408
76 280 266
304 833 -291
484 804 398
504 564 408
997 978 173
542 790 140
582 519 -358
821 604 373
145 673 -347
164 526 370
475 499 97
881 501 236
53 186 366
842 931 -309
624 838 493
510 734 -216
934 314 301
316 355 52
515 409 -6
363 510 488
26 92 -493
500 415 298
662 532 138
929 429 -287
327 85 140
14 830 46
500 497 40
525 954 -371
306 645 -279
385 675 371
82 222 -138
471 849 -93
642 120 213
187 61 -358
328 420 -37
17 235 415
419 629 30
301 902 308
784 684 343
444 578 229
327 166 -110
728 975 377
342 916 258
903 909 -143
546 880 85
48 777 -407
593 718 461
192 953 394
149 972 -440
567 263 216
313 681 -42
183 514 496
751 303 -28
732 539 -330
531 627 266
784 401 -277
311 151 424
526 334 -481
841 254 -490
329 573 -138
380 278 63
26 140 168
253 746 295
325 399 370
361 755 -82
276 607 -349
615 155 435
232 921 -129
867 14 173
437 507 -341
908 43 424
138 872 -409
277 27 467
321 963 -325
619 891 468
920 594 476
407 395 440
291 355 -317
611 213 372
201 801 -459
802 246 -363
516 837 -148
887 285 -359
709 809 29
23 204 -394
434 632 -298
717 632 216
284 495 -268
873 54 468
941 110 -9
755 212 82
341 123 -119
281 632 -300
559 300 166
419 106 228
582 943 183
761 105 -107
771 840 440
345 49 359
627 64 -130
323 613 -336
174 438 -494
523 396 131
809 813 -91
923 282 -40
717 508 399
80 134 327
405 254 421
458 369 389
662 280 459
460 12 436
487 839 193
260 463 -20
19 710 -199
827 411 44
980 157 453
317 564 450
60 903 113
493 467 37
700 704 268
936 842 -296
540 358 -187
762 83 499
745 699 133
328 178 25
918 228 422
221 566 -251
409 784 80
355 211 -175
256 959 -87
774 910 -273
36 207 53
676 715 -479
967 511 47
371 319 240
96 824 93
176 2 -111
773 922 349
526 822 -44
181 920 -436
355 876 454
640 849 305
566 115 229
204 113 14
412 911 -251
780 650 101
55 412 150
621 421 449
631 654 30
763 239 280
75 364 -463
809 44 90
634 916 204
683 271 74
710 971 186
771 572 452
746 356 -84
664 748 -121
404 398 -381
478 482 -114
871 231 276
18 533 -217
182 937 -22
642 534 139
341 575 87
130 685 -395
605 699 -336
376 819 -320
396 683 111
352 116 366
782 291 -149
728 567 -144
587 259 -287
168 341 -45
527 602 -145
8 696 -173
57 391 440
278 488 298
977 336 392
143 641 240
565 178 203
87 745 233
784 634 427
585 324 -184
319 331 -88
273 481 -403
399 211 -217
309 120 -92
54 646 350
589 827 -399
887 417 358
197 388 193
716 448 -18
499 426 193
409 491 -464
286 173 394
335 649 193
973 209 81
18 738 379
528 965 437
161 174 192
400 835 25
695 573 27
575 45 -437
242 367 200
583 253 267
585 560 -215
825 453 385
748 125 493
307 425 439
563 159 418
178 497 132
88 648 313
39 740 286
346 598 -284
814 142 60
24 727 -283
64 611 -290
725 764 145
135 198 -345
141 497 487
644 954 237
461 289 -379
711 112 -320
50 259 317
609 869 -208
15 165 275
159 356 -376
41 434 -303
201 242 269
40 178 192
168 990 -474
493 906 -195
403 423 -362
368 627 181
440 609 187
239 247 274
454 760 216
619 927 91
553 966 136
717 691 220
737 188 -459
500 784 323
246 773 -29
464 545 496
557 761 -57
435 192 12
944 52 63
533 865 -391
278 421 -291
536 54 -424
839 461 -381
191 860 -184
943 296 322
96 684 361
899 285 29
947 954 -470
109 158 267
352 172 280
37 723 -281
908 161 14
214 161 80
745 308 -489
649 878 -431
400 968 -433
163 286 22
467 39 -239
94 155 -383
795 987 -449
738 23 -333
381 181 -90
56 685 456
179 321 341
448 642 -341
571 276 419
684 733 150
788 84 145
503 792 -478
57 592 -478
229 468 297
309 392 -242
524 505 395
8 433 366
671 279 344
523 655 -153
292 5 280
399 891 -335
914 563 310
228 868 -187
71 422 -262
796 963 -142
888 322 341
447 798 280
572 325 -454
379 32 -422
593 405 -184
339 798 196
22 435 -40
911 927 358
494 987 -484
261 644 -97
326 650 299
566 579 210
236 8 -119
30 526 216
170 714 -487
746 932 3
483 209 373
293 217 442
134 32 -231
166 822 286
895 760 -375
801 541 -262
418 284 71
805 412 480
998 659 384
985 75 117
196 147 119
618 438 -82
643 395 292
936 297 230
342 157 -403
284 609 -9
961 377 467
771 281 -41
530 543 52
832 725 462
826 67 281
981 958 -178
404 708 -260
107 500 -148
418 817 326
822 240 -238
568 0 216
512 224 326
199 129 -358
919 778 382
406 165 -368
624 901 51
988 746 -344
738 169 -171
706 898 476
584 449 -359
134 623 -391
904 430 -1
656 249 -223
152 969 -359
773 249 -167
563 47 -349
551 304 -32
641 701 336
174 715 -329
21 818 486
852 922 -27
470 413 183
695 681 384
360 587 235
273 71 -132
630 613 70
676 457 68
679 127 -20
279 778 154
561 430 268
993 461 333
726 842 280
442 577 -125
194 230 123
321 263 -99
174 365 245
971 355 279
221 570 -478
430 758 -210
20 363 304
331 253 89
777 354 291
176 472 -33
731 301 163
709 22 290
991 470 247
602 337 -363
534 467 32
484 740 -158
532 831 -498
635 20 302
187 430 -309
71 342 497
803 840 83
346 504 -306
989 891 -148
914 148 -147
943 462 -96
742 117 283
305 338 -387
389 148 499
728 316 382
772 215 -397
52 247 -295
154 407 -454
460 323 368
712 650 -256
106 464 -145
762 243 -314
881 250 57
625 302 417
562 495 -179
352 946 -54
152 426 -461
455 285 -116
841 513 -40
363 523 121
364 980 -86
912 620 -486
549 272 99
749 936 110
995 294 -168
891 62 275
355 485 367
16 177 1
756 514 91
291 991 -461
35 642 -422
491 695 284
114 121 -468
824 688 -348
642 278 -461
560 459 -498
392 688 417
889 175 -490
480 457 5
73 191 -304
102 473 358
454 322 188
940 834 -334
683 86 -179
740 412 47
509 843 -49
693 766 427
275 505 198
221 934 -246
906 293 -64
779 779 293
16 273 286
261 259 -293
316 200 -271
85 61 -282
560 820 259
838 632 272
773 850 -468
357 688 -328
783 714 126
824 755 54
329 159 376
705 22 438
740 383 491
359 214 123
994 763 369
459 683 -19
926 342 -68
593 768 46
834 917 -26
59 743 173
494 84 370
785 262 -476
898 798 176
188 123 80
486 739 -75
654 225 -435
443 483 121
37 575 -110
530 441 -346
672 625 -97
738 288 162
769 930 10
773 624 -462
236 226 442
712 822 393
689 778 -456
62 71 -335
349 166 435
849 950 18
312 398 408
243 145 -57
294 579 -195
540 966 437
40 417 -290
23 565 225
302 908 445
61 260 -448
971 482 339
168 102 60
860 173 -75
751 353 -467
597 881 -9
875 756 202
579 746 -405
133 160 350
505 636 63
698 659 -27
39 785 -101
66 504 -33
49 594 305
246 482 241
65 626 19
590 14 -4
18 686 -241
353 991 -100
864 963 -386
187 102 -372
503 264 489
791 282 -248
152 527 468
496 188 69
717 791 -219
582 191 -436
712 393 87
197 478 -430
215 19 -229
466 808 -177
743 221 -439
568 357 250
379 186 -115
277 338 126
279 983 -76
135 108 425
37 616 268
902 23 15
197 135 -101
982 976 -260
299 492 297
161 901 -90
335 580 -448
210 56 72
17 999 258
711 805 -297
368 304 -499
678 311 332
951 584 -332
22 927 -172
976 780 -65
645 369 -368
271 397 -279
283 28 -95
48 661 -120
985 410 181
587 700 177
62 172 301
109 838 165
155 934 94
399 987 182
287 897 -260
818 175 -328
795 252 -330
795 659 -469
23 483 338
731 206 -402
66 908 276
924 427 69
888 686 -319
759 876 -405
5 604 -389
659 931 -435
793 50 -50
239 98 13
523 933 -434
367 167 -412
372 34 208
725 108 46
114 507 227
207 350 -263
122 279 -181
198 614 335
647 517 150
34 332 -264
698 102 323
707 54 482
164 722 82
619 308 315
724 775 -261
612 178 446
390 213 -286
431 681 -171
468 831 320
375 875 273
295 635 -282
618 653 -403
20 569 -287
584 9 481
280 123 -284
97 834 16
609 529 -39
26 496 444
34 429 -381
657 81 -405
755 826 279
237 682 -87
542 102 -113
280 745 -305
679 776 -491
384 798 -282
819 954 433
571 530 -394
239 496 104
177 633 188
336 924 6
968 882 -250
891 743 326
747 507 216
82 787 -109
260 919 -141
688 985 430
839 141 -373
231 837 375
681 37 -142
81 59 491
366 505 229
51 521 -8
624 273 -421
661 227 -302
463 257 -442
866 295 225
765 558 455
769 247 270
164 300 37
334 627 116
580 423 219
591 780 -415
74 909 -59
691 171 324
847 118 235
934 88 13
537 446 -356
448 29 -370
650 20 323
803 858 -117
585 397 318
512 532 32
544 673 -229
647 408 -413
118 132 322
290 757 -343
871 957 113
82 385 196
893 383 -452
661 501 -365
882 887 435
968 13 -394
920 489 -69
623 950 485
110 510 309
650 386 245
86 206 28
567 378 293
200 54 56
464 825 72
751 440 31
976 94 -155
629 324 445
852 760 58
519 284 392
976 620 405
450 173 -343
674 241 -56
481 900 321
626 898 -111
893 139 -192
558 244 -372
814 161 -162
24 767 140
603 296 -401
678 768 201
486 817 -359
308 575 -340
796 199 21
649 392 -401
974 951 -200
248 773 294
604 640 290
823 36 64
35 866 444
235 913 -115
52 477 331
3 573 -421
359 880 308
407 195 255
273 818 213
21 622 256
697 76 217
0 55 -448
291 505 -79
636 519 -140
130 932 -381
527 872 -494
305 998 -105
59 724 415
918 319 -460
479 986 -484
571 791 -307
562 598 -220
120 111 467
679 388 89
281 847 -246
624 713 80
617 530 -387
696 211 268
826 308 -65
143 253 398
234 894 424
448 629 -230
247 904 334
344 993 -79
888 685 -408
152 500 344
409 868 294
511 685 -341
280 623 261
370 209 222
921 11 -355
929 519 61
164 983 148
183 988 -397
199 37 -297
653 337 423
957 984 117
359 225 10
765 257 -322
249 473 193
497 176 462
873 974 -27
333 232 -53
110 697 282
711 357 447
333 562 344
80 623 -148
821 808 257
689 550 -27
215 656 384
506 301 -153
394 353 394
154 116 139
302 453 253
42 21 111
81 195 354
296 843 334
605 822 -131
590 269 -212
816 681 -355
107 779 -264
257 62 -149
679 368 -208
604 75 79
879 178 -488
36 863 63
737 880 -281
88 861 -391
375 727 367
841 615 -82
710 511 294
27 639 95
971 23 78
944 100 -115
579 375 -288
881 685 -417
355 172 463
731 403 -479
339 959 230
532 375 -349
53 934 -406
128 926 234
523 81 -75
11 836 -111
468 521 -46
505 733 -287
54 841 348
51 867 -110
481 241 -305
99 943 470
219 384 -490
332 586 -30
815 619 28
988 33 -354
452 825 422
854 67 23
746 526 -404
807 742 -76
968 882 73
741 36 -140
247 840 65
459 152 7
387 359 -16
874 358 -409
730 420 -323
26 862 -428
156 715 -226
796 769 -135
845 291 189
967 358 12
456 928 14
414 414 -466
933 819 411
204 525 -424
86 136 -327
218 213 -147
169 869 252
106 437 -268
947 483 103
733 984 177
773 634 -238
105 23 313
134 267 -435
788 792 337
244 808 114
369 810 -113
671 54 255
255 255 492
76 665 -248
785 643 -126
708 708 -491
956 942 48
695 468 122
824 821 -406
109 905 -454
967 680 275
112 239 451
729 547 49
129 636 323
391 758 -486
459 380 209
564 819 217
968 568 358
587 908 299
192 882 425
946 286 259
82 842 308
710 597 -170
273 152 -62
272 101 -98
216 500 -313
233 507 -16
443 317 -240
63 711 -41
858 632 231
456 754 -118
417 474 258
794 185 165
905 232 -125
470 78 438
55 315 397
457 141 -8
918 909 412
852 722 315
398 915 131
893 14 -454
555 454 342
639 402 90
788 199 119
628 162 494
777 107 193
209 755 -278
270 493 -141
87 50 383
938 193 436
99 522 -8
104 350 4
594 295 131
384 696 -84
801 931 330
357 521 -405
291 438 129
189 483 436
117 308 198
402 593 -24
221 213 200
893 239 -338
687 529 13
456 137 99
310 662 -383
17 38 -182
397 961 -67
810 974 83
815 603 -409
846 925 340
399 584 -225
60 717 435
284 763 342
702 117 -86
157 543 -131
141 30 2
804 813 9
829 519 -146
876 1 -120
911 152 -79
994 723 71
30 83 -318
694 672 -56
116 526 347
124 129 432
544 313 -6
577 224 67
483 825 -208
35 334 -373
27 992 -57
114 242 59
