132
50
746
662
591
752
76
784
778
289
909
704
59
975
840
978
807
343
283
550
726
68
367
991
100
454
441
373
892
688
239
107
349
22
907
137
187
323
498
904
706
887
263
956
123
527
727
231
771
623
376
946
788
114
865
744
335
769
841
210
470
939
296
170
776
959
124
155
685
204
248
731
670
681
55
175
523
583
322
820
488
347
645
568
485
308
93
156
199
504
719
281
372
830
618
579
405
874
902
524
935
18
91
506
437
382
560
184
802
31
189
316
607
447
350
471
732
968
857
89
961
723
84
837
649
922
565
944
65
346
779
158
400
291
896
855
811
614
424
391
889
109
528
160
651
826
138
110
29
508
604
519
297
656
707
195
106
439
271
462
476
416
401
453
728
574
729
833
324
822
766
209
918
750
251
986
658
326
773
552
6
131
879
342
834
185
749
496
344
786
812
72
332
174
339
586
989
642
629
238
445
261
328
753
888
499
429
698
777
930
99
676
582
61
638
530
747
526
397
793
313
270
632
817
606
117
990
95
621
831
535
196
396
770
694
489
4
927
225
848
599
298
452
144
799
928
643
593
208
150
999
314
615
477
356
40
300
953
533
963
692
258
895
14
982
710
700
672
451
97
609
139
870
309
514
721
268
720
581
875
482
780
711
440
985
1
733
381
216
790
829
475
287
818
111
127
48
172
969
495
513
128
850
654
534
250
173
126
419
448
878
240
653
646
259
825
278
320
245
603
616
561
949
273
149
947
413
921
713
730
873
754
44
756
639
924
274
191
80
483
868
492
554
52
853
389
538
192
183
202
398
409
333
517
864
819
304
877
570
116
696
430
357
467
224
487
414
715
667
388
559
511
228
627
510
178
246
714
442
244
813
650
403
958
666
842
669
764
27
351
11
741
186
197
673
827
450
884
748
522
385
610
92
94
417
781
45
563
913
311
797
125
675
785
292
105
87
679
783
832
722
542
624
520
43
386
182
659
305
792
262
151
30
626
543
876
803
635
315
102
540
597
682
562
71
404
120
906
62
605
85
331
640
236
849
737
241
862
677
54
325
33
551
12
622
993
507
23
644
370
133
435
541
899
678
188
794
290
41
926
863
465
938
980
252
319
348
213
932
815
758
668
699
145
329
229
96
436
10
809
427
515
725
380
962
838
916
154
200
443
569
509
709
469
428
872
148
276
198
671
418
647
98
915
763
307
546
588
302
966
411
585
789
664
502
399
36
594
46
393
49
798
521
203
394
880
539
657
867
303
494
529
464
503
74
580
410
423
392
577
220
466
420
177
883
735
13
500
983
567
152
767
531
327
130
8
310
58
136
166
740
964
217
984
379
898
67
973
910
378
882
712
478
280
871
683
56
181
232
532
438
663
42
516
212
954
463
690
648
641
176
995
525
387
957
736
32
979
415
57
925
755
7
153
940
757
223
162
967
923
590
159
371
122
119
689
407
931
716
566
564
835
28
576
253
619
941
375
805
557
804
821
824
457
717
449
854
859
600
994
571
86
620
851
637
336
955
242
147
79
115
987
47
491
548
277
890
601
914
295
25
455
193
595
775
157
265
810
113
431
406
461
194
998
705
974
684
795
480
293
634
51
16
905
734
243
167
808
839
83
866
269
997
284
861
81
942
364
691
631
129
612
505
633
573
233
180
206
146
587
596
458
341
885
368
936
317
934
15
933
104
860
948
17
285
90
791
230
432
366
981
806
687
237
88
103
171
787
598
226
2
275
572
468
408
761
977
782
816
301
852
9
422
536
945
724
20
636
762
680
352
247
512
575
219
708
75
337
894
363
353
234
255
53
481
256
828
970
340
201
426
549
971
272
78
21
917
374
330
911
444
384
611
976
354
286
215
701
142
135
695
655
318
460
66
796
282
845
3
893
996
395
383
163
697
972
613
814
456
390
718
900
473
161
214
847
267
218
823
652
140
425
537
544
912
856
742
674
484
625
299
345
881
118
602
358
143
745
369
360
37
141
836
628
39
592
897
693
617
1000
891
179
70
421
886
205
169
751
703
254
165
77
490
903
497
321
359
112
433
486
306
35
661
362
5
518
402
60
264
121
190
279
235
64
846
434
929
608
164
249
377
288
211
919
355
800
589
901
739
988
69
584
844
73
630
446
774
134
227
266
63
765
759
920
702
82
294
558
26
869
338
221
908
361
801
19
760
334
479
858
257
555
843
772
34
686
222
553
738
472
660
937
960
547
545
38
992
743
312
578
207
950
556
260
365
459
501
168
952
101
108
951
412
943
768
965
665
24
493
474
